TileFile: DesertTiles.json
Colums: 20
Rows: 20

0 2 3 1 4 1 2 3 3 0 1 0 4 2 3 1 0 3 1 2
0 2 3 1 4 1 2 3 3 0 1 0 4 2 3 1 0 3 1 2
0 2 3 1 4 1 2 3 3 0 1 0 4 2 3 1 0 3 1 2
0 2 3 1 4 1 2 3 3 0 1 0 4 2 3 1 0 3 1 2
0 2 3 1 4 1 2 3 3 0 1 0 4 2 3 1 0 3 1 2
0 2 3 1 4 1 2 3 3 0 1 0 4 2 3 1 0 3 1 2
0 2 3 1 4 1 2 3 3 0 1 0 4 2 3 1 0 3 1 2
0 2 3 1 4 1 2 3 3 0 1 0 4 2 3 1 0 3 1 2
0 2 3 1 4 1 2 3 3 0 1 0 4 2 3 1 0 3 1 2
0 2 3 1 4 1 2 3 3 0 1 0 4 2 3 1 0 3 1 2
0 2 3 1 4 1 2 3 3 0 1 0 4 2 3 1 0 3 1 2
0 2 3 1 4 1 2 3 3 0 1 0 4 2 3 1 0 3 1 2
0 2 3 1 4 1 2 3 3 0 1 0 4 2 3 1 0 3 1 2
0 2 3 1 4 1 2 3 3 0 1 0 4 2 3 1 0 3 1 2
0 2 3 1 4 1 2 3 3 0 1 0 4 2 3 1 0 3 1 2
0 2 3 1 4 1 2 3 3 0 1 0 4 2 3 1 0 3 1 2
0 2 3 1 4 1 2 3 3 0 1 0 4 2 3 1 0 3 1 2
0 2 3 1 4 1 2 3 3 0 1 0 4 2 3 1 0 3 1 2
0 2 3 1 4 1 2 3 3 0 1 0 4 2 3 1 0 3 1 2
0 2 3 1 4 1 2 3 3 0 1 0 4 2 3 1 0 3 1 2